192769
283099
049153
859760
169107
631827
974686
394451
366911
146595
793196
818742
495946
880784
487990
694859
183513
246087
118376
198345
999634
261271
558980
559291
301700
623020
827752
306722
649269
937329
296797
782991
723694
397541
909094
288761
447865
101088
628238
725889
576809
722747
291522
808648
048616
450821
289755
299183
573296
235657
701556
467566
415873
015898
587768
146957
994920
678067
952867
732729
613084
014497
785446
216656
134827
499272
547827
264623
559747
400344
999198
336650
509471
642930
645793
631254
275019
638286
811166
452312
642903
698627
683953
990514
757296
781825
766772
423099
263303
818211
646891
027831
552190
497134
865907
305139
478009
431319
645311
630330
101706
964958
896368
407618
281598
361383
060922
709545
953465
757473
393879
052059
391463
999301
177028
661322
901378
090353
373131
092494
388502
173732
355258
570114
858581
757572
513325
716283
064930
999202
083817
318518
313395
671559
157884
394554
489744
897889
490142
724879
083175
851885
407412
116980
716862
139985
440693
681381
775461
173390
279648
539671
291361
674569
643084
928067
013130
222404
186479
126548
683328
181893
467989
040449
348550
333345
394370
391331
206737
471319
148994
029904
420118
602817
637474
707034
778586
232543
929547
738187
736958
701326
020435
173293
866297
272558
548382
415637
186498
846512
830784
907223
411872
254192
525087
125892
025718
066102
227560
302363
493977
838256
578210
647921
188548
008089
926396
955426
173169
555531
973461
695919
260344
767639
638932
725986
720822
136649
419331
628543
076887
180559
648606
296912
736153
360105
690961
691754
629112
636667
585167
744223
316800
718039
081940
438349
474435
004651
054795
039644
565562
048880
472632
748482
808588
044757
235454
119465
831080
775901
155558
054910
408380
921492
585393
379161
424942
816731
739740
675851
070294
786666
959177
866563
820621
005203
643626
266888
786197
066360
743014
245895
294514
903389
023948
904178
381077
330798
632144
636478
095435
614420
071801
304622
667145
331566
878221
488720
661462
781120
792244
561509
360692
914433
633988
632295
857025
234370
471743
864009
612113
145544
560242
493899
171636
093179
936700
885235
324589
053653
393428
214992
479069
084559
709978
208484
476869
801221
137551
112764
568394
309789
922655
354244
112695
256196
987147
264247
911982
423459
817752
487667
159854
706933
662390
611110
681507
911582
732466
335081
183469
594739
336928
957064
782178
886982
031647
868323
678331
830162
952742
333967
342111
346877
953750
807407
155439
179088
322832
742205
615279
939116
992929
805529
868874
582204
704382
888371
328608
449271
649345
887609
177802
608054
459163
258721
611472
256678
389209
058677
572938
481704
390310
542017
889824
685453
195884
404695
470079
814314
839930
937331
329594
217729
330049
152582
548563
947997
312101
089610
432634
331183
506935
841142
956844
989276
728448
554360
816603
468356
362879
612727
517063
762463
313427
759589
577137
260917
504079
974509
889146
365899
587359
523289
945538
023443
643977
899743
230104
662338
492444
855901
964488
121806
133129
177858
589718
545479
843366
445590
015361
610277
315129
476416
453442
098450
532327
748022
406728
027551
487893
058859
403087
580838
267391
372772
879258
635444
936028
060422
192956
492703
105919
336108
319794
880651
316581
904278
050889
407628
024880
640914
566365
680143
415772
280406
602312
023486
083808
492322
639043
459552
005193
816768
437242
005609
198425
576597
409716
097169
645306
820493
645238
838517
225360
620572
890863
920060
598336
019890
203897
612908
364237
781739
414799
057598
465334
312355
541663
305995
716754
818167
260038
937467
026372
212282
594586
582252
525433
675319
602376
446586
121832
771362
897214
321250
322814
340157
178084
913203
867637
492729
487804
544337
784437
284894
967793
019582
180587
773979
794573
375148
979369
707628
064953
074772
384029
865926
964968
699050
427604
055527
893402
623917
698772
770488
278611
448912
573285
704592
703892
343479
035101
866205
166484
041577
910863
469748
133832
241305
243817
809504
758110
386329
311474
090250
928146
783296
101646
128181
436078
042681
252837
049136
153687
750841
099434
050021
001155
922804
666286
930730
401288
705103
690139
777069
702878
750220
171526
061246
299004
452430
740521
087114
038936
726929
288531
527175
411695
028663
241114
045568
535774
707553
244316
231829
795553
669682
348242
489541
402624
471665
268866
447712
135969
087097
100731
363865
220691
466865
512852
609631
110160
346940
632892
602003
898452
603331
117256
851543
458349
360351
277808
825725
036866
830271
078398
924991
287842
156480
293468
938550
474994
538076
115632
720864
192535
783933
289533
137248
220249
201644
773106
843364
214623
411388
139476
513743
774359
062349
809219
826045
481269
297187
385834
782464
000706
691975
085259
325701
773021
830617
253111
603504
507758
226231
380195
305057
957753
280341
145680
499279
935003
461894
531719
612306
197967
952464
203416
983988
423122
391780
262712
258657
958832
982753
449356
568313
259160
120039
381019
543959
270285
979043
185054
849228
121873
404384
477688
341458
226154
725878
718728
602004
810806
619734
399167
572130
602892
083392
479524
916295
227174
502541
827114
383598
742912
682900
682065
867447
960576
267168
462236
092462
976471
102140
412551
172793
938388
092774
077082
970075
017463
363043
991116
991768
248998
365279
310225
891157
542079
381897
080614
505037
182511
424743
647543
886844
442769
894456
584945
128666
815398
243871
398089
639841
684793
491238
162009
386125
962174
126169
307261
816824
426472
665687
950195
864725
011902
273698
824276
608330
828923
754949
976478
599545
535026
106747
779841
260469
002162
339849
427628
990802
099066
624526
553535
283515
247642
548431
704320
595639
975518
984159
238692
570369
971996
649390
168403
666391
362459
168936
826634
125981
945793
072993
533069
336221
949981
095696
855754
618526
374096
654528
090137
036937
057082
623508
390910
130720
697286
921133
738804
338194
883245
174130
522766
599120
936678
202210
860111
674004
143581
006253
166733
116447
069426
630818
927741
498950
693880
858670
315601
459200
395571
026857
474372
340153
720516
612237
942733
307267
036754
053743
791250
616462
204748
174369
791431
458375
300988
552461
097704
148512
875447
096086
035849
777876
669009
149102
933767
214704
405321
892401
895617
074471
016562
825481
998498
976339
255906
772020
235720
548322
351638
941091
158678
594012
836567
637187
316793
462786
752856
900636
728032
088006
892723
395686
699892
678406
822713
610241
504108
104351
455917
288858
710564
778822
170670
548109
722156
443230
480549
669451
410722
524237
334357
964545
672460
541712
490609
297134
420442
758288
645353
725087
161357
170696
324123
282562
075759
198071
537716
081428
057028
597205
956511
825178
963657
592377
227420
405921
144093
492830
368501
055185
284404
451715
877453
758789
401778
520913
398972
127812
728460
953431
147722
619302
064321
315726
227923
566053
383601
725802
533299
532932
210974
652194
939442
925336
379319
199696
024260
859092
116673
749438
762466
450035
072354
436138
257279
574736
780431
581543
272737
748342
079789
917017
686695
600835
014598
995084
399754
323930
222475
133702
390217
277855
939905
512608
027000
737518
793611
955410
168491
686285
696722
282084
869477
528139
692854
992164
614658
189651
731026
734229
533338
573517
456590
693286
008316
421018
727141
478395
479611
287055
790108
054406
974218
476697
971093
551268
296784
419910
953195
029727
673819
418889
079484
175249
165795
774307
329466
149460
887020
255366
488693
251122
772696
294469
171606
770855
765336
400661
588565
412431
847166
316127
266419
949452
814950
042643
878492
343578
799498
985348
122752
406153
903495
897692
095842
236333
046760
015126
329747
848485
036261
731396
761852
247983
978639
857092
745092
318436
006150
636963
907287
779981
204613
328850
400870
455672
447099
209728
954041
810931
035488
101048
095474
600120
540682
853579
036232
263637
679273
521517
702957
485925
271544
112631
562796
983996
383828
391756
317338
008963
558229
070829
213141
242784
287100
216162
746928
790266
122176
351822
477993
518668
689923
308649
971785
389908
028581
531520
270771
580254
360111
600258
147367
446082
251843
603119
901814
923879
208801
258914
881269
646340
810353
430775
293800
300813
686707
737048
750333
304291
427932
629178
802752
197889
368900
195680
215727
188797
206857
973974
663700
129052
914968
699913
136061
812445
340387
445734
092285
329285
872645
422840
730280
886093
035806
923415
470326
141018
306300
740603
090683
710232
715233
667873
118885
380079
750660
860055
181213
380230
395319
639181
048368
611462
080185
258505
100335
604932
531142
978937
114996
461999
825863
611917
065012
756632
424063
158595
127905
155058
156835
639199
718209
603902
319865
895299
000237
494455
279001
856727
799368
901536
235782
052520
459226
642836
013005
617038
275888
796163
421521
932062
424895
572292
949535
390218
142791
496867
404235
619594
869969
054237
309208
358609
705629
335600
610522
192662
011745
105927
677728
483563
021599
476594
400532
239480
139131
350013
862581
261496
309674
503406
192385
336664
224802
368775
962296
849339
578272
037936
914460
582654
727783
518279
319439
266435
975469
412888
854125
507680
662277
018631
388960
084888
299498
176710
227721
122893
462735
440272
712013
285326
855903
621635
724524
721216
095176
901102
361195
667275
327391
130678
044972
908070
796954
573805
965004
733261
037134
851666
062725
468095
823971
677831
540475
252374
083298
702482
896477
737248
207196
661630
065356
765366
597884
920290
165663
682134
988038
633874
966244
759192
237616
426403
154091
736192
025130
161538
283346
237449
691197
856238
278553
389324
286806
317280
036946
601644
181155
524128
611753
196605
271093
526246
727601
095160
431287
729297
242158
050276
992105
056920
732905
708508
893736
214973
652446
603817
293789
451246
633423
435484
809343
444532
514279
111431
264482
294702
200170
650008
380953
214945
148879
925345
085469
960254
570621
809700
170158
683114
885011
386402
547550
740491
598427
006733
691478
289752
990207
909280
332950
580252
726138
023720
004642
781915
566339
722485
299454
243779
584458
803529
359107
367742
080705
160432
109228
037600
355047
208939
502765
808705
173752
708652
098229
847785
311033
168787
600227
088044
079769
337740
587799
537913
855902
310599
122001
479408
019912
252691
308406
404064
047077
656346
224076
660374
462510
979629
849888
725990
828762
684213
147139
113297
277088
381505
009758
265063
123220
765954
824004
765249
102673
962447
849382
321932
479271
010369
518630
933663
566146
850148
284415
822625
504357
585749
477779
365810
106006
285590
808069
827169
691370
202263
045412
223074
968644
498710
413440
859222
597700
999887
344688
528541
445713
110712
381726
065151
010846
984148
290093
062096
844151
383472
735597
797291
017540
372581
262262
943904
546857
407955
586429
094491
470293
269652
204229
166313
669167
694438
297204
263442
691497
563916
986549
192380
884135
795950
356499
792484
005982
827660
711766
944195
254044
698984
206133
977231
365828
616880
607521
831679
119421
644008
919539
347562
371655
934181
636874
255363
825024
630001
711119
681643
010700
572209
603574
151784
982882
357604
104366
756363
817475
518600
130789
086917
335857
906252
703070
054168
768474
755324
562080
297785
687880
687178
893728
499771
903543
504663
341281
579125
616639
734449
650106
555381
534371
288860
157949
123705
376340
368552
206827
832995
199095
253778
546929
560487
125622
851298
444100
909607
758879
621976
017076
953257
953408
077460
075375
575272
650116
423373
043971
968965
282055
409451
461643
350447
476307
228848
353183
421637
637226
979189
367332
741396
279813
467771
757693
061906
777207
020514
437702
865115
870948
718779
729320
341151
778281
007597
247598
242854
913066
409308
149881
988775
769156
608543
120510
118037
712788
001543
388172
296801
712901
989597
232016
628240
548468
923276
234182
638672
519415
791975
606341
942992
228517
651813
489833
890729
693604
136495
694406
781919
890203
063894
608668
247719
358292
379782
763723
161208
148827
146258
278891
637179
171570
379044
960610
283901
530013
860954
523639
268437
545336
682444
701920
026757
775020
858011
120643
847044
746754
258286
181653
824131
991119
611301
022694
444216
779703
240116
130882
773129
492508
603616
299031
386476
903845
016364
165137
333219
175998
980443
683854
005711
722969
486238
456701
953365
488072
359482
426570
562705
583789
781057
905212
797775
363386
238111
076223
072631
643939
139408
184846
314769
638257
372446
630517
594756
501730
268382
805926
737757
555483
653962
648846
418151
620164
499151
208177
907359
215178
841684
285081
188679
970403
966905
813997
893483
091403
467323
578694
207960
307106
394297
272680
836576
963369
882222
561716
124372
634914
007444
279843
145847
686058
935199
625912
636561
892145
311362
895816
685205
561000
204562
331213
558145
754185
441579
436356
942495
058653
426512
058560
130150
124232
556659
484548
183726
688492
650866
301423
301212
887314
816185
421375
576354
919068
410835
108095
574655
381852
290747
982903
561252
575509
450587
456442
939676
570016
982006
122031
596295
908385
560325
612529
336592
018686
783092
366615
311719
321369
622690
026937
914122
297469
944281
826246
721744
524458
543434
595426
853705
023690
168146
128256
881814
503705
299774
602708
123116
933754
064649
497188
079272
102430
064539
143984
315845
421871
724707
912944
524010
915369
418853
069428
817264
132096
418016
158498
324623
239497
942578
379833
525789
931750
716299
402603
968350
296493
399804
239852
131089
966594
001556
319434
841297
631416
968381
445737
181437
454291
978502
726902
089999
148338
699647
789381
358815
251390
300213
125198
668369
528235
376299
275455
770930
019768
878047
344611
988272
778875
927705
356101
525145
253665
217561
930616
606736
587655
900824
902095
212385
723919
591815
389065
021393
350159
357753
714709
314954
777975
631609
912609
880263
713069
541354
953495
983188
952268
671994
849374
769721
164932
781541
656098
780213
395335
873803
239962
914626
547915
009706
644141
472235
235428
282754
744880
261572